{
 "cells": [
  {
   "cell_type": "markdown",
   "id": "12f359bc-6826-4091-92c7-dc2b3ebb3f05",
   "metadata": {},
   "source": [
    "# Notebook for Conversion Data EDA"
   ]
  },
  {
   "cell_type": "markdown",
   "id": "69c7472a-bc1d-45e6-a218-8075b22dd15c",
   "metadata": {},
   "source": [
    "This notebook was used to merge conversion data with nfl_first.csv. This data was unused as conversion data was not too meaningful"
   ]
  },
  {
   "cell_type": "code",
   "execution_count": 1,
   "id": "3f566759-c5a5-4d87-94c3-c056bc6a0af5",
   "metadata": {},
   "outputs": [],
   "source": [
    "import pandas as pd\n",
    "import numpy as np"
   ]
  },
  {
   "cell_type": "code",
   "execution_count": 2,
   "id": "468bfd90-edd2-4e5e-9944-5b76e43a488c",
   "metadata": {},
   "outputs": [],
   "source": [
    "df = pd.read_csv(\"../Data/nfl_first.csv\")"
   ]
  },
  {
   "cell_type": "code",
   "execution_count": 3,
   "id": "e69c88de-2b1a-489a-be53-70d85b831364",
   "metadata": {},
   "outputs": [],
   "source": [
    "df['Team'] = df['Team'].str.replace(r\"[*+]\", \"\", regex=True)"
   ]
  },
  {
   "cell_type": "code",
   "execution_count": 4,
   "id": "385136a4-71e9-45ac-9702-6d8b4cde90e1",
   "metadata": {},
   "outputs": [],
   "source": [
    "# Filters data since 1999\n",
    "df99 = df[df[\"Year\"] >= 1999]"
   ]
  },
  {
   "cell_type": "code",
   "execution_count": 5,
   "id": "95824749-2cbe-43fb-9a1b-a601dbdac42b",
   "metadata": {},
   "outputs": [],
   "source": [
    "conversion_df = pd.read_csv(\"NFL_Conversion_Data.csv\")"
   ]
  },
  {
   "cell_type": "code",
   "execution_count": 6,
   "id": "531b553a-0b0b-479e-9b4c-609060b91e42",
   "metadata": {},
   "outputs": [
    {
     "name": "stderr",
     "output_type": "stream",
     "text": [
      "/var/folders/vr/9n378cw506q785msbjkzmdzh0000gn/T/ipykernel_90974/182045134.py:3: SettingWithCopyWarning: \n",
      "A value is trying to be set on a copy of a slice from a DataFrame.\n",
      "Try using .loc[row_indexer,col_indexer] = value instead\n",
      "\n",
      "See the caveats in the documentation: https://pandas.pydata.org/pandas-docs/stable/user_guide/indexing.html#returning-a-view-versus-a-copy\n",
      "  df99[\"Avg_Points_Allowed\"] = df99[\"PA\"] / (df99[\"W\"] + df99[\"L\"] + df99[\"T\"])\n",
      "/var/folders/vr/9n378cw506q785msbjkzmdzh0000gn/T/ipykernel_90974/182045134.py:4: SettingWithCopyWarning: \n",
      "A value is trying to be set on a copy of a slice from a DataFrame.\n",
      "Try using .loc[row_indexer,col_indexer] = value instead\n",
      "\n",
      "See the caveats in the documentation: https://pandas.pydata.org/pandas-docs/stable/user_guide/indexing.html#returning-a-view-versus-a-copy\n",
      "  df99[\"Avg_Points_Scored\"] = df99[\"PF\"] / (df99[\"W\"] + df99[\"L\"] + df99[\"T\"])\n"
     ]
    }
   ],
   "source": [
    "# average of points allowed and points scored\n",
    "# ignore warnings\n",
    "df99[\"Avg_Points_Allowed\"] = df99[\"PA\"] / (df99[\"W\"] + df99[\"L\"] + df99[\"T\"])\n",
    "df99[\"Avg_Points_Scored\"] = df99[\"PF\"] / (df99[\"W\"] + df99[\"L\"] + df99[\"T\"])"
   ]
  },
  {
   "cell_type": "code",
   "execution_count": 7,
   "id": "2eada613-20d1-4f8c-87cc-8e6690e9dbb9",
   "metadata": {},
   "outputs": [
    {
     "data": {
      "text/html": [
       "<div>\n",
       "<style scoped>\n",
       "    .dataframe tbody tr th:only-of-type {\n",
       "        vertical-align: middle;\n",
       "    }\n",
       "\n",
       "    .dataframe tbody tr th {\n",
       "        vertical-align: top;\n",
       "    }\n",
       "\n",
       "    .dataframe thead th {\n",
       "        text-align: right;\n",
       "    }\n",
       "</style>\n",
       "<table border=\"1\" class=\"dataframe\">\n",
       "  <thead>\n",
       "    <tr style=\"text-align: right;\">\n",
       "      <th></th>\n",
       "      <th>Year</th>\n",
       "      <th>Team</th>\n",
       "      <th>W</th>\n",
       "      <th>L</th>\n",
       "      <th>T</th>\n",
       "      <th>W-L%</th>\n",
       "      <th>PF</th>\n",
       "      <th>PA</th>\n",
       "      <th>PD</th>\n",
       "      <th>MoV</th>\n",
       "      <th>SoS</th>\n",
       "      <th>SRS</th>\n",
       "      <th>OSRS</th>\n",
       "      <th>DSRS</th>\n",
       "      <th>Playoffs</th>\n",
       "      <th>Strong_Start</th>\n",
       "      <th>Avg_Points_Allowed</th>\n",
       "      <th>Avg_Points_Scored</th>\n",
       "    </tr>\n",
       "  </thead>\n",
       "  <tbody>\n",
       "    <tr>\n",
       "      <th>260</th>\n",
       "      <td>1999</td>\n",
       "      <td>Indianapolis Colts</td>\n",
       "      <td>13</td>\n",
       "      <td>3</td>\n",
       "      <td>0</td>\n",
       "      <td>0.813</td>\n",
       "      <td>423</td>\n",
       "      <td>333</td>\n",
       "      <td>90</td>\n",
       "      <td>5.6</td>\n",
       "      <td>0.5</td>\n",
       "      <td>6.1</td>\n",
       "      <td>6.6</td>\n",
       "      <td>-0.5</td>\n",
       "      <td>1</td>\n",
       "      <td>0.0</td>\n",
       "      <td>20.8125</td>\n",
       "      <td>26.4375</td>\n",
       "    </tr>\n",
       "    <tr>\n",
       "      <th>261</th>\n",
       "      <td>1999</td>\n",
       "      <td>Buffalo Bills</td>\n",
       "      <td>11</td>\n",
       "      <td>5</td>\n",
       "      <td>0</td>\n",
       "      <td>0.688</td>\n",
       "      <td>320</td>\n",
       "      <td>229</td>\n",
       "      <td>91</td>\n",
       "      <td>5.7</td>\n",
       "      <td>1.5</td>\n",
       "      <td>7.1</td>\n",
       "      <td>-0.2</td>\n",
       "      <td>7.4</td>\n",
       "      <td>1</td>\n",
       "      <td>0.0</td>\n",
       "      <td>14.3125</td>\n",
       "      <td>20.0000</td>\n",
       "    </tr>\n",
       "    <tr>\n",
       "      <th>262</th>\n",
       "      <td>1999</td>\n",
       "      <td>Miami Dolphins</td>\n",
       "      <td>9</td>\n",
       "      <td>7</td>\n",
       "      <td>0</td>\n",
       "      <td>0.563</td>\n",
       "      <td>326</td>\n",
       "      <td>336</td>\n",
       "      <td>-10</td>\n",
       "      <td>-0.6</td>\n",
       "      <td>2.5</td>\n",
       "      <td>1.9</td>\n",
       "      <td>1.2</td>\n",
       "      <td>0.7</td>\n",
       "      <td>1</td>\n",
       "      <td>0.0</td>\n",
       "      <td>21.0000</td>\n",
       "      <td>20.3750</td>\n",
       "    </tr>\n",
       "    <tr>\n",
       "      <th>263</th>\n",
       "      <td>1999</td>\n",
       "      <td>New York Jets</td>\n",
       "      <td>8</td>\n",
       "      <td>8</td>\n",
       "      <td>0</td>\n",
       "      <td>0.500</td>\n",
       "      <td>308</td>\n",
       "      <td>309</td>\n",
       "      <td>-1</td>\n",
       "      <td>-0.1</td>\n",
       "      <td>3.1</td>\n",
       "      <td>3.1</td>\n",
       "      <td>0.2</td>\n",
       "      <td>2.9</td>\n",
       "      <td>0</td>\n",
       "      <td>0.0</td>\n",
       "      <td>19.3125</td>\n",
       "      <td>19.2500</td>\n",
       "    </tr>\n",
       "    <tr>\n",
       "      <th>264</th>\n",
       "      <td>1999</td>\n",
       "      <td>New England Patriots</td>\n",
       "      <td>8</td>\n",
       "      <td>8</td>\n",
       "      <td>0</td>\n",
       "      <td>0.500</td>\n",
       "      <td>299</td>\n",
       "      <td>284</td>\n",
       "      <td>15</td>\n",
       "      <td>0.9</td>\n",
       "      <td>1.3</td>\n",
       "      <td>2.2</td>\n",
       "      <td>-1.0</td>\n",
       "      <td>3.2</td>\n",
       "      <td>0</td>\n",
       "      <td>1.0</td>\n",
       "      <td>17.7500</td>\n",
       "      <td>18.6875</td>\n",
       "    </tr>\n",
       "  </tbody>\n",
       "</table>\n",
       "</div>"
      ],
      "text/plain": [
       "     Year                  Team   W  L  T   W-L%   PF   PA  PD  MoV  SoS  SRS  \\\n",
       "260  1999    Indianapolis Colts  13  3  0  0.813  423  333  90  5.6  0.5  6.1   \n",
       "261  1999         Buffalo Bills  11  5  0  0.688  320  229  91  5.7  1.5  7.1   \n",
       "262  1999        Miami Dolphins   9  7  0  0.563  326  336 -10 -0.6  2.5  1.9   \n",
       "263  1999         New York Jets   8  8  0  0.500  308  309  -1 -0.1  3.1  3.1   \n",
       "264  1999  New England Patriots   8  8  0  0.500  299  284  15  0.9  1.3  2.2   \n",
       "\n",
       "     OSRS  DSRS  Playoffs  Strong_Start  Avg_Points_Allowed  Avg_Points_Scored  \n",
       "260   6.6  -0.5         1           0.0             20.8125            26.4375  \n",
       "261  -0.2   7.4         1           0.0             14.3125            20.0000  \n",
       "262   1.2   0.7         1           0.0             21.0000            20.3750  \n",
       "263   0.2   2.9         0           0.0             19.3125            19.2500  \n",
       "264  -1.0   3.2         0           1.0             17.7500            18.6875  "
      ]
     },
     "execution_count": 7,
     "metadata": {},
     "output_type": "execute_result"
    }
   ],
   "source": [
    "df99.head()"
   ]
  },
  {
   "cell_type": "code",
   "execution_count": 8,
   "id": "c14cb133-16dc-4649-acbe-227ddf47a0a3",
   "metadata": {},
   "outputs": [],
   "source": [
    "full_df = pd.merge(df99, conversion_df, on=\"Team\", how=\"inner\")\n",
    "clean_df = full_df.loc[:, ~full_df.columns.str.contains('^Unnamed')]"
   ]
  },
  {
   "cell_type": "code",
   "execution_count": 9,
   "id": "ff472479-a978-4ec7-b275-e86a534f6c97",
   "metadata": {},
   "outputs": [],
   "source": [
    "clean_df.to_csv(\"NFL_Full_Conversion_Data.csv\", index=False)"
   ]
  },
  {
   "cell_type": "code",
   "execution_count": 10,
   "id": "ff2f39d2-f85c-4144-9373-6155f27fcac3",
   "metadata": {},
   "outputs": [],
   "source": [
    "# easy strength of schedule\n",
    "sos_metric = 0.449"
   ]
  },
  {
   "cell_type": "code",
   "execution_count": 11,
   "id": "2a7464ae-9347-4c35-89de-468d6bbedf8c",
   "metadata": {},
   "outputs": [],
   "source": [
    "# An above average Simple Rating System\n",
    "above_avg_srs = 0"
   ]
  },
  {
   "cell_type": "code",
   "execution_count": 12,
   "id": "418896de-7e96-49d9-9141-cac6f5d3b668",
   "metadata": {},
   "outputs": [],
   "source": [
    "# above average Offensive SRS and Defensive SRS\n",
    "above_avg_osrs = 2\n",
    "# used median for DSRS\n",
    "above_avg_dsrs = clean_df[\"DSRS\"].median()"
   ]
  },
  {
   "cell_type": "code",
   "execution_count": 13,
   "id": "e3a67a25-1c67-430e-b399-918286083725",
   "metadata": {},
   "outputs": [],
   "source": [
    "# 39% conversion rate is considered average\n",
    "third_down_conv = 0.39"
   ]
  },
  {
   "cell_type": "code",
   "execution_count": 14,
   "id": "9e99ee17-0fa4-4feb-9f5a-3edd13bd49fe",
   "metadata": {},
   "outputs": [],
   "source": [
    "# above 51% conversion rate for fourth down is considered good\n",
    "fourth_down_conv = 0.55"
   ]
  },
  {
   "cell_type": "code",
   "execution_count": 15,
   "id": "7951d135-1166-4d28-bf6c-bc17adfda1e2",
   "metadata": {},
   "outputs": [],
   "source": [
    "# above 50% red zone conversion rate is considered good\n",
    "red_zone_eff = clean_df[\"RZPct\"].quantile([0.75]).values[0]\n",
    "# 7 pts or above for MoV is considered above average\n",
    "mov_threshold = 7\n",
    "# above 50 pts differential means a strong team\n",
    "pd_threshold = 50\n",
    "# above 59% is a good win percentage\n",
    "wp_threshold = 0.59"
   ]
  },
  {
   "cell_type": "code",
   "execution_count": 16,
   "id": "65468bec-5fc5-4902-be81-30cfb58e37cc",
   "metadata": {},
   "outputs": [],
   "source": [
    "Avg_Points_Allowed_th = 21\n",
    "Avg_Points_Scored_th = 24"
   ]
  },
  {
   "cell_type": "markdown",
   "id": "786103da-2301-4dc6-87bb-eed9bba82b1a",
   "metadata": {},
   "source": [
    "## Creating Binary Dataset for analysis and Correlation Matrix"
   ]
  },
  {
   "cell_type": "code",
   "execution_count": 17,
   "id": "1898a60b-6281-47a6-b443-aee8b8cc325f",
   "metadata": {},
   "outputs": [],
   "source": [
    "binary_df = clean_df.copy()\n",
    "\n",
    "binary_df[\"MoV\"] = np.where(binary_df[\"MoV\"] >= mov_threshold, 1, 0)\n",
    "binary_df[\"PD\"] = np.where(binary_df[\"PD\"] > pd_threshold, 1, 0)\n",
    "binary_df[\"W-L%\"] = np.where(binary_df[\"W-L%\"] > wp_threshold, 1, 0)\n",
    "\n",
    "binary_df[\"SoS\"] = np.where(binary_df[\"SoS\"] > sos_metric, 1, 0)\n",
    "binary_df[\"SRS\"] = np.where(binary_df[\"SRS\"] > above_avg_srs, 1, 0)\n",
    "binary_df[\"OSRS\"] = np.where(binary_df[\"OSRS\"] > above_avg_osrs, 1, 0)\n",
    "binary_df[\"DSRS\"] = np.where(binary_df[\"DSRS\"] > above_avg_dsrs, 1, 0)\n",
    "binary_df[\"3D%\"] = np.where(binary_df[\"3D%\"] > third_down_conv, 1, 0)\n",
    "binary_df[\"4D%\"] = np.where(binary_df[\"4D%\"] > fourth_down_conv, 1, 0)\n",
    "binary_df[\"RZPct\"] = np.where(binary_df[\"RZPct\"] > red_zone_eff, 1, 0)\n",
    "binary_df[\"Avg_Points_Allowed\"] = np.where(binary_df[\"Avg_Points_Allowed\"] >= Avg_Points_Allowed_th, 1, 0)\n",
    "binary_df[\"Avg_Points_Scored\"] = np.where(binary_df[\"Avg_Points_Scored\"] >= Avg_Points_Scored_th, 1, 0)"
   ]
  },
  {
   "cell_type": "code",
   "execution_count": 18,
   "id": "3138a222-b7e3-4b74-a0bc-ad5022a415c2",
   "metadata": {},
   "outputs": [],
   "source": [
    "binary_columns = [\"Playoffs\", \"PD\", \"W-L%\", \"MoV\", \"Strong_Start\", \"SoS\", \"SRS\", \"OSRS\", \"DSRS\", \"3D%\", \"4D%\", \"RZPct\", \"Avg_Points_Allowed\", \"Avg_Points_Scored\"]\n",
    "binary_df = binary_df[binary_columns]"
   ]
  },
  {
   "cell_type": "code",
   "execution_count": 19,
   "id": "38a2234f-6a6d-4eda-b62c-0044cca7f974",
   "metadata": {},
   "outputs": [
    {
     "data": {
      "text/html": [
       "<div>\n",
       "<style scoped>\n",
       "    .dataframe tbody tr th:only-of-type {\n",
       "        vertical-align: middle;\n",
       "    }\n",
       "\n",
       "    .dataframe tbody tr th {\n",
       "        vertical-align: top;\n",
       "    }\n",
       "\n",
       "    .dataframe thead th {\n",
       "        text-align: right;\n",
       "    }\n",
       "</style>\n",
       "<table border=\"1\" class=\"dataframe\">\n",
       "  <thead>\n",
       "    <tr style=\"text-align: right;\">\n",
       "      <th></th>\n",
       "      <th>Playoffs</th>\n",
       "      <th>PD</th>\n",
       "      <th>W-L%</th>\n",
       "      <th>MoV</th>\n",
       "      <th>Strong_Start</th>\n",
       "      <th>SoS</th>\n",
       "      <th>SRS</th>\n",
       "      <th>OSRS</th>\n",
       "      <th>DSRS</th>\n",
       "      <th>3D%</th>\n",
       "      <th>4D%</th>\n",
       "      <th>RZPct</th>\n",
       "      <th>Avg_Points_Allowed</th>\n",
       "      <th>Avg_Points_Scored</th>\n",
       "    </tr>\n",
       "  </thead>\n",
       "  <tbody>\n",
       "    <tr>\n",
       "      <th>Playoffs</th>\n",
       "      <td>1.000000</td>\n",
       "      <td>0.674491</td>\n",
       "      <td>0.828313</td>\n",
       "      <td>0.520505</td>\n",
       "      <td>0.288053</td>\n",
       "      <td>-0.124104</td>\n",
       "      <td>0.623070</td>\n",
       "      <td>0.459519</td>\n",
       "      <td>0.380991</td>\n",
       "      <td>0.072244</td>\n",
       "      <td>0.023902</td>\n",
       "      <td>0.033401</td>\n",
       "      <td>-0.422542</td>\n",
       "      <td>0.493840</td>\n",
       "    </tr>\n",
       "    <tr>\n",
       "      <th>PD</th>\n",
       "      <td>0.674491</td>\n",
       "      <td>1.000000</td>\n",
       "      <td>0.751387</td>\n",
       "      <td>0.622978</td>\n",
       "      <td>0.275647</td>\n",
       "      <td>-0.103087</td>\n",
       "      <td>0.675838</td>\n",
       "      <td>0.609475</td>\n",
       "      <td>0.433445</td>\n",
       "      <td>0.087915</td>\n",
       "      <td>0.033362</td>\n",
       "      <td>0.042192</td>\n",
       "      <td>-0.469008</td>\n",
       "      <td>0.646398</td>\n",
       "    </tr>\n",
       "    <tr>\n",
       "      <th>W-L%</th>\n",
       "      <td>0.828313</td>\n",
       "      <td>0.751387</td>\n",
       "      <td>1.000000</td>\n",
       "      <td>0.558249</td>\n",
       "      <td>0.292724</td>\n",
       "      <td>-0.105445</td>\n",
       "      <td>0.629998</td>\n",
       "      <td>0.527340</td>\n",
       "      <td>0.415446</td>\n",
       "      <td>0.077557</td>\n",
       "      <td>0.025102</td>\n",
       "      <td>0.036393</td>\n",
       "      <td>-0.447142</td>\n",
       "      <td>0.551376</td>\n",
       "    </tr>\n",
       "    <tr>\n",
       "      <th>MoV</th>\n",
       "      <td>0.520505</td>\n",
       "      <td>0.622978</td>\n",
       "      <td>0.558249</td>\n",
       "      <td>1.000000</td>\n",
       "      <td>0.241120</td>\n",
       "      <td>-0.074834</td>\n",
       "      <td>0.421032</td>\n",
       "      <td>0.497432</td>\n",
       "      <td>0.334928</td>\n",
       "      <td>0.066056</td>\n",
       "      <td>0.019550</td>\n",
       "      <td>0.029532</td>\n",
       "      <td>-0.363037</td>\n",
       "      <td>0.485488</td>\n",
       "    </tr>\n",
       "    <tr>\n",
       "      <th>Strong_Start</th>\n",
       "      <td>0.288053</td>\n",
       "      <td>0.275647</td>\n",
       "      <td>0.292724</td>\n",
       "      <td>0.241120</td>\n",
       "      <td>1.000000</td>\n",
       "      <td>-0.052534</td>\n",
       "      <td>0.266689</td>\n",
       "      <td>0.228720</td>\n",
       "      <td>0.168030</td>\n",
       "      <td>0.025814</td>\n",
       "      <td>0.010791</td>\n",
       "      <td>0.017527</td>\n",
       "      <td>-0.182765</td>\n",
       "      <td>0.213848</td>\n",
       "    </tr>\n",
       "    <tr>\n",
       "      <th>SoS</th>\n",
       "      <td>-0.124104</td>\n",
       "      <td>-0.103087</td>\n",
       "      <td>-0.105445</td>\n",
       "      <td>-0.074834</td>\n",
       "      <td>-0.052534</td>\n",
       "      <td>1.000000</td>\n",
       "      <td>0.056950</td>\n",
       "      <td>0.000214</td>\n",
       "      <td>0.081826</td>\n",
       "      <td>-0.037295</td>\n",
       "      <td>-0.018519</td>\n",
       "      <td>-0.018048</td>\n",
       "      <td>0.024399</td>\n",
       "      <td>-0.143237</td>\n",
       "    </tr>\n",
       "    <tr>\n",
       "      <th>SRS</th>\n",
       "      <td>0.623070</td>\n",
       "      <td>0.675838</td>\n",
       "      <td>0.629998</td>\n",
       "      <td>0.421032</td>\n",
       "      <td>0.266689</td>\n",
       "      <td>0.056950</td>\n",
       "      <td>1.000000</td>\n",
       "      <td>0.544592</td>\n",
       "      <td>0.543615</td>\n",
       "      <td>0.080934</td>\n",
       "      <td>0.023044</td>\n",
       "      <td>0.036147</td>\n",
       "      <td>-0.516877</td>\n",
       "      <td>0.522069</td>\n",
       "    </tr>\n",
       "    <tr>\n",
       "      <th>OSRS</th>\n",
       "      <td>0.459519</td>\n",
       "      <td>0.609475</td>\n",
       "      <td>0.527340</td>\n",
       "      <td>0.497432</td>\n",
       "      <td>0.228720</td>\n",
       "      <td>0.000214</td>\n",
       "      <td>0.544592</td>\n",
       "      <td>1.000000</td>\n",
       "      <td>0.120453</td>\n",
       "      <td>0.093480</td>\n",
       "      <td>0.025850</td>\n",
       "      <td>0.052255</td>\n",
       "      <td>-0.156630</td>\n",
       "      <td>0.767018</td>\n",
       "    </tr>\n",
       "    <tr>\n",
       "      <th>DSRS</th>\n",
       "      <td>0.380991</td>\n",
       "      <td>0.433445</td>\n",
       "      <td>0.415446</td>\n",
       "      <td>0.334928</td>\n",
       "      <td>0.168030</td>\n",
       "      <td>0.081826</td>\n",
       "      <td>0.543615</td>\n",
       "      <td>0.120453</td>\n",
       "      <td>1.000000</td>\n",
       "      <td>0.020762</td>\n",
       "      <td>0.008143</td>\n",
       "      <td>-0.005994</td>\n",
       "      <td>-0.686806</td>\n",
       "      <td>0.135028</td>\n",
       "    </tr>\n",
       "    <tr>\n",
       "      <th>3D%</th>\n",
       "      <td>0.072244</td>\n",
       "      <td>0.087915</td>\n",
       "      <td>0.077557</td>\n",
       "      <td>0.066056</td>\n",
       "      <td>0.025814</td>\n",
       "      <td>-0.037295</td>\n",
       "      <td>0.080934</td>\n",
       "      <td>0.093480</td>\n",
       "      <td>0.020762</td>\n",
       "      <td>1.000000</td>\n",
       "      <td>0.195453</td>\n",
       "      <td>0.317913</td>\n",
       "      <td>-0.029816</td>\n",
       "      <td>0.099839</td>\n",
       "    </tr>\n",
       "    <tr>\n",
       "      <th>4D%</th>\n",
       "      <td>0.023902</td>\n",
       "      <td>0.033362</td>\n",
       "      <td>0.025102</td>\n",
       "      <td>0.019550</td>\n",
       "      <td>0.010791</td>\n",
       "      <td>-0.018519</td>\n",
       "      <td>0.023044</td>\n",
       "      <td>0.025850</td>\n",
       "      <td>0.008143</td>\n",
       "      <td>0.195453</td>\n",
       "      <td>1.000000</td>\n",
       "      <td>0.158646</td>\n",
       "      <td>-0.014498</td>\n",
       "      <td>0.031378</td>\n",
       "    </tr>\n",
       "    <tr>\n",
       "      <th>RZPct</th>\n",
       "      <td>0.033401</td>\n",
       "      <td>0.042192</td>\n",
       "      <td>0.036393</td>\n",
       "      <td>0.029532</td>\n",
       "      <td>0.017527</td>\n",
       "      <td>-0.018048</td>\n",
       "      <td>0.036147</td>\n",
       "      <td>0.052255</td>\n",
       "      <td>-0.005994</td>\n",
       "      <td>0.317913</td>\n",
       "      <td>0.158646</td>\n",
       "      <td>1.000000</td>\n",
       "      <td>0.000434</td>\n",
       "      <td>0.051045</td>\n",
       "    </tr>\n",
       "    <tr>\n",
       "      <th>Avg_Points_Allowed</th>\n",
       "      <td>-0.422542</td>\n",
       "      <td>-0.469008</td>\n",
       "      <td>-0.447142</td>\n",
       "      <td>-0.363037</td>\n",
       "      <td>-0.182765</td>\n",
       "      <td>0.024399</td>\n",
       "      <td>-0.516877</td>\n",
       "      <td>-0.156630</td>\n",
       "      <td>-0.686806</td>\n",
       "      <td>-0.029816</td>\n",
       "      <td>-0.014498</td>\n",
       "      <td>0.000434</td>\n",
       "      <td>1.000000</td>\n",
       "      <td>-0.133761</td>\n",
       "    </tr>\n",
       "    <tr>\n",
       "      <th>Avg_Points_Scored</th>\n",
       "      <td>0.493840</td>\n",
       "      <td>0.646398</td>\n",
       "      <td>0.551376</td>\n",
       "      <td>0.485488</td>\n",
       "      <td>0.213848</td>\n",
       "      <td>-0.143237</td>\n",
       "      <td>0.522069</td>\n",
       "      <td>0.767018</td>\n",
       "      <td>0.135028</td>\n",
       "      <td>0.099839</td>\n",
       "      <td>0.031378</td>\n",
       "      <td>0.051045</td>\n",
       "      <td>-0.133761</td>\n",
       "      <td>1.000000</td>\n",
       "    </tr>\n",
       "  </tbody>\n",
       "</table>\n",
       "</div>"
      ],
      "text/plain": [
       "                    Playoffs        PD      W-L%       MoV  Strong_Start  \\\n",
       "Playoffs            1.000000  0.674491  0.828313  0.520505      0.288053   \n",
       "PD                  0.674491  1.000000  0.751387  0.622978      0.275647   \n",
       "W-L%                0.828313  0.751387  1.000000  0.558249      0.292724   \n",
       "MoV                 0.520505  0.622978  0.558249  1.000000      0.241120   \n",
       "Strong_Start        0.288053  0.275647  0.292724  0.241120      1.000000   \n",
       "SoS                -0.124104 -0.103087 -0.105445 -0.074834     -0.052534   \n",
       "SRS                 0.623070  0.675838  0.629998  0.421032      0.266689   \n",
       "OSRS                0.459519  0.609475  0.527340  0.497432      0.228720   \n",
       "DSRS                0.380991  0.433445  0.415446  0.334928      0.168030   \n",
       "3D%                 0.072244  0.087915  0.077557  0.066056      0.025814   \n",
       "4D%                 0.023902  0.033362  0.025102  0.019550      0.010791   \n",
       "RZPct               0.033401  0.042192  0.036393  0.029532      0.017527   \n",
       "Avg_Points_Allowed -0.422542 -0.469008 -0.447142 -0.363037     -0.182765   \n",
       "Avg_Points_Scored   0.493840  0.646398  0.551376  0.485488      0.213848   \n",
       "\n",
       "                         SoS       SRS      OSRS      DSRS       3D%  \\\n",
       "Playoffs           -0.124104  0.623070  0.459519  0.380991  0.072244   \n",
       "PD                 -0.103087  0.675838  0.609475  0.433445  0.087915   \n",
       "W-L%               -0.105445  0.629998  0.527340  0.415446  0.077557   \n",
       "MoV                -0.074834  0.421032  0.497432  0.334928  0.066056   \n",
       "Strong_Start       -0.052534  0.266689  0.228720  0.168030  0.025814   \n",
       "SoS                 1.000000  0.056950  0.000214  0.081826 -0.037295   \n",
       "SRS                 0.056950  1.000000  0.544592  0.543615  0.080934   \n",
       "OSRS                0.000214  0.544592  1.000000  0.120453  0.093480   \n",
       "DSRS                0.081826  0.543615  0.120453  1.000000  0.020762   \n",
       "3D%                -0.037295  0.080934  0.093480  0.020762  1.000000   \n",
       "4D%                -0.018519  0.023044  0.025850  0.008143  0.195453   \n",
       "RZPct              -0.018048  0.036147  0.052255 -0.005994  0.317913   \n",
       "Avg_Points_Allowed  0.024399 -0.516877 -0.156630 -0.686806 -0.029816   \n",
       "Avg_Points_Scored  -0.143237  0.522069  0.767018  0.135028  0.099839   \n",
       "\n",
       "                         4D%     RZPct  Avg_Points_Allowed  Avg_Points_Scored  \n",
       "Playoffs            0.023902  0.033401           -0.422542           0.493840  \n",
       "PD                  0.033362  0.042192           -0.469008           0.646398  \n",
       "W-L%                0.025102  0.036393           -0.447142           0.551376  \n",
       "MoV                 0.019550  0.029532           -0.363037           0.485488  \n",
       "Strong_Start        0.010791  0.017527           -0.182765           0.213848  \n",
       "SoS                -0.018519 -0.018048            0.024399          -0.143237  \n",
       "SRS                 0.023044  0.036147           -0.516877           0.522069  \n",
       "OSRS                0.025850  0.052255           -0.156630           0.767018  \n",
       "DSRS                0.008143 -0.005994           -0.686806           0.135028  \n",
       "3D%                 0.195453  0.317913           -0.029816           0.099839  \n",
       "4D%                 1.000000  0.158646           -0.014498           0.031378  \n",
       "RZPct               0.158646  1.000000            0.000434           0.051045  \n",
       "Avg_Points_Allowed -0.014498  0.000434            1.000000          -0.133761  \n",
       "Avg_Points_Scored   0.031378  0.051045           -0.133761           1.000000  "
      ]
     },
     "execution_count": 19,
     "metadata": {},
     "output_type": "execute_result"
    }
   ],
   "source": [
    "binary_df.corr()"
   ]
  },
  {
   "cell_type": "markdown",
   "id": "32259f34-2e73-4573-8216-f1a90f747106",
   "metadata": {},
   "source": [
    "Alongside our correlation matrix, there were other indicators that yielded no significant statistical relationship between conversions of various teams and the variables that influence a team's playoff chances."
   ]
  },
  {
   "cell_type": "code",
   "execution_count": null,
   "id": "9a75f473-c08e-4922-bea6-6ba37bca57a9",
   "metadata": {},
   "outputs": [],
   "source": []
  }
 ],
 "metadata": {
  "kernelspec": {
   "display_name": "Python 3 (ipykernel)",
   "language": "python",
   "name": "python3"
  },
  "language_info": {
   "codemirror_mode": {
    "name": "ipython",
    "version": 3
   },
   "file_extension": ".py",
   "mimetype": "text/x-python",
   "name": "python",
   "nbconvert_exporter": "python",
   "pygments_lexer": "ipython3",
   "version": "3.11.5"
  }
 },
 "nbformat": 4,
 "nbformat_minor": 5
}
